titlestring實習組
一、一般業務
1.擬訂或修訂實習輔導各項章則。,,,2,,,1,,,1
2.修訂實習輔導處工作計畫。,,,2,,,1,,,1
3.辦理召開實習輔導會議事宜。,,,3,,,2,,,1
4.擬訂實習場地之規劃調配。,,,2,,,1,,,1
5.倉庫管理及檢查。,,,3,,,2,,,1
6.巡視實習場所。,,,2,,,1,,,1
7.查閱學生實習報告。,,,3,,,2,,,1
8.編列各項實習預算。,,,2,,,1,,,1
9.擬訂研究發展訂畫。,,,2,,,1,,,1
二、實習輔導
1.校內實習：
(1)各科實習材料設備申請經費之分配。,,,2,,,1,,,1
(2)實習工場安全衛生教育。,,,3,,,2,,,1
(3)各科重要器材之報廢。,,,3,,,2,,,1
(4)各科實習進度及內容擬定檢查。,,,3,,,2,,,1
(5)實習設備維護事項。,,,3,,,2,,,1
(6)實習工廠日誌之核閱。,,,3,,,2,,,1
(7)實習成績之登記及計算。,,,3,,,2,,,1
(8)擬訂實習廠委託加工作業計畫。,,,2,,,1,,,1
2.技藝競賽：
(1)擬訂校內技藝競賽選手選拔及訓練。,,,3,,,2,,,1
(2)辦理校內外技藝競賽及觀摩。,,,2,,,1,,,1
titlestring就業輔導組
三、就業輔導
1.擬定畢業生就業輔導委員會章程。,,,1,,,1,,,2
2.召開就業輔導委員會議。,,,3,,,2,,,2
3.辦理職業介紹。,,,3,,,2,,,2
4.建立學生就業調查資料。,,,3,,,2,,,2
5.調查爭取就業機會。,,,3,,,2,,,2
6.公布就業機會。,,,3,,,2,,,2
7.辦理學生求職登記。,,,3,,,2,,,2
8.推介畢業生就業。,,,3,,,2,,,2
9.辦理畢業生就業情形調查。,,,3,,,2,,,2
10.辦理畢業生就業追蹤輔導。,,,3,,,2,,,2
11.統計畢業生就業情形。,,,3,,,2,,,2
12.辦理應屆畢業生職前訓練。,,,2,,,1,,,2
13.歷屆畢業生就業輔導。,,,3,,,2,,,2
14.辦理學校內丶外各項技能檢定。,,,3,,,2,,,2
15.辦理短期技藝訓練。,,,2,,,1,,,2
16.舉辦參觀生產事業機構。,,,2,,,1,,,2
17.夥伴關係及產學合作計畫訂定與實施。,,,3,,,2,,,2
18.辦理資訊相關業務。,,,3,,,2,,,2